32766
32761
32750
32734
32713
32686
32654
32617
32574
32526
32473
32415
32351
32282
32208
32129
32044
31955
31860
31760
31655
31545
31431
31311
31186
31056
30922
30783
30639
30490
30337
30179
30016
29849
29677
29501
29321
29136
28947
28753
28556
28354
28149
27939
27725
27508
27287
27062
26833
26601
26365
26125
25883
25637
25387
25135
24879
24620
24358
24094
23826
23556
23283
23008
22730
22449
22166
21881
21594
21304
21013
20719
20424
20127
19828
19527
19225
18921
18616
18310
18003
17694
17384
17074
16762
16450
16137
15823
15509
15195
14880
14564
14249
13933
13618
13302
12987
12671
12356
12042
11728
11414
11101
10789
10477
10167
9857
9548
9241
8934
8629
8325
8023
7722
7422
7124
6828
6534
6241
5951
5662
5375
5091
4808
4528
4250
3975
3702
3431
3163
2898
2635
2375
2118
1864
1612
1364
1118
875
636
400
166
-63
-289
-513
-733
-949
-1162
-1372
-1578
-1781
-1980
-2176
-2367
-2556
-2740
-2921
-3098
-3271
-3441
-3606
-3768
-3926
-4080
-4231
-4377
-4519
-4658
-4792
-4923
-5050
-5172
-5291
-5406
-5517
-5624
-5726
-5825
-5920
-6011
-6098
-6181
-6261
-6336
-6407
-6475
-6538
-6598
-6654
-6706
-6754
-6798
-6839
-6876
-6909
-6938
-6964
-6986
-7004
-7019
-7030
-7038
-7042
-7043
-7040
-7034
-7025
-7012
-6996
-6976
-6954
-6928
-6899
-6867
-6832
-6794
-6753
-6709
-6663
-6613
-6561
-6506
-6448
-6388
-6325
-6260
-6192
-6122
-6049
-5975
-5897
-5818
-5737
-5653
-5568
-5480
-5391
-5300
-5207
-5112
-5015
-4917
-4818
-4716
-4614
-4510
-4404
-4298
-4190
-4081
-3971
-3860
-3748
-3635
-3521
-3406
-3291
-3175
-3058
-2941
-2823
-2705
-2587
-2468
-2349
-2229
-2110
-1990
-1870
-1751
-1631
-1512
-1392
-1273
-1154
-1036
-918
-800
-683
-566
-450
-335
-220
-106
6
119
230
341
450
559
667
773
878
983
1086
1187
1288
1387
1484
1581
1675
1769
1861
1951
2040
2127
2212
2296
2378
2459
2538
2615
2690
2763
2834
2904
2972
3038
3102
3164
3224
3282
3338
3392
3444
3494
3542
3588
3632
3674
3714
3752
3788
3821
3853
3882
3910
3935
3958
3980
3999
4016
4031
4044
4054
4063
4070
4075
4077
4078
4077
4074
4068
4061
4052
4041
4028
4013
3997
3978
3958
3936
3912
3886
3858
3829
3798
3766
3731
3696
3658
3619
3578
3536
3493
3448
3401
3353
3304
3254
3202
3149
3094
3039
2982
2924
2865
2805
2744
2682
2619
2555
2490
2424
2358
2290
2222
2153
2084
2014
1943
1872
1800
1727
1655
1581
1508
1434
1360
1285
1210
1135
1060
985
910
834
759
684
608
533
458
383
308
234
160
86
12
-60
-133
-205
-277
-348
-419
-490
-559
-628
-697
-765
-832
-898
-963
-1028
-1092
-1155
-1217
-1279
-1339
-1398
-1457
-1514
-1571
-1626
-1680
-1733
-1785
-1836
-1886
-1935
-1982
-2029
-2074
-2118
-2160
-2202
-2242
-2280
-2318
-2354
-2389
-2423
-2455
-2486
-2515
-2543
-2570
-2595
-2619
-2642
-2663
-2683
-2701
-2718
-2734
-2748
-2760
-2772
-2782
-2790
-2797
-2803
-2807
-2810
-2812
-2812
-2811
-2808
-2804
-2799
-2792
-2785
-2775
-2765
-2753
-2740
-2725
-2709
-2692
-2674
-2655
-2634
-2612
-2589
-2565
-2539
-2513
-2485
-2457
-2427
-2396
-2364
-2331
-2297
-2263
-2227
-2190
-2152
-2114
-2075
-2034
-1993
-1951
-1909
-1865
-1821
-1776
-1731
-1685
-1638
-1591
-1543
-1494
-1445
-1396
-1346
-1295
-1244
-1193
-1142
-1090
-1037
-985
-932
-879
-826
-772
-719
-665
-611
-557
-503
-449
-395
-341
-287
-234
-180
-126
-73
-20
32
85
138
190
242
294
345
396
446
496
546
595
644
692
739
787
833
879
924
969
1013
1056
1099
1141
1182
1223
1262
1301
1339
1377
1413
1449
1484
1518
1551
1583
1615
1645
1674
1703
1731
1757
1783
1808
1831
1854
1876
1897
1916
1935
1953
1970
1985
2000
2014
2026
2038
2048
2058
2066
2073
2080
2085
2089
2093
2095
2096
2096
2095
2093
2090
2086
2081
2075
2069
2061
2052
2042
2031
2019
2006
1993
1978
1963
1946
1929
1911
1892
1872
1851
1830
1807
1784
1760
1735
1710
1684
1657
1629
1601
1572
1542
1512
1481
1449
1417
1384
1351
1317
1283
1248
1212
1177
1140
1104
1067
1029
991
953
915
876
837
797
758
718
678
637
597
556
516
475
434
393
352
311
270
229
188
147
106
65
25
-15
-55
-95
-135
-175
-215
-254
-293
-332
-370
-409
-446
-484
-521
-558
-594
-630
-666
-701
-735
-769
-803
-836
-868
-900
-932
-963
-993
-1023
-1052
-1081
-1108
-1136
-1162
-1188
-1214
-1238
-1262
-1285
-1308
-1330
-1351
-1371
-1390
-1409
-1427
-1445
-1461
-1477
-1492
-1506
-1520
-1532
-1544
-1555
-1566
-1575
-1584
-1592
-1599
-1605
-1610
-1615
-1619
-1622
-1624
-1625
-1626
-1626
-1625
-1623
-1621
-1617
-1613
-1608
-1603
-1596
-1589
-1581
-1572
-1563
-1553
-1542
-1530
-1518
-1505
-1491
-1477
-1462
-1446
-1430
-1413
-1395
-1377
-1358
-1338
-1318
-1297
-1276
-1254
-1232
-1209
-1186
-1162
-1138
-1113
-1087
-1062
-1035
-1009
-982
-954
-927
-898
-870
-841
-812
-783
-753
-723
-692
-662
-631
-600
-569
-538
-506
-475
-443
-411
-379
-347
-315
-283
-251
-218
-186
-154
-122
-90
-58
-26
5
37
69
100
132
163
194
225
256
286
316
346
376
405
434
463
492
520
548
575
602
629
655
681
706
731
756
780
804
827
850
872
894
915
936
956
976
995
1014
1032
1049
1066
1083
1099
1114
1128
1142
1156
1169
1181
1192
1203
1214
1223
1232
1241
1249
1256
1262
1268
1273
1278
1282
1285
1288
1290
1292
1292
1293
1292
1291
1289
1287
1284
1280
1276
1271
1266
1260
1253
1246
1238
1230
1221
1211
1201
1190
1179
1167
1155
1142
1129
1115
1101
1086
1071
1055
1039
1022
1005
987
969
951
932
913
893
873
853
832
811
789
768
746
723
701
678
654
631
607
584
559
535
511
486
461
436
411
386
361
335
310
284
258
233
207
181
156
130
104
78
53
27
1
-23
-48
-74
-99
-124
-149
-174
-198
-223
-247
-271
-295
-319
-342
-365
-388
-411
-433
-455
-477
-499
-520
-541
-561
-581
-601
-621
-640
-659
-677
-695
-713
-730
-747
-763
-779
-795
-810
-825
-839
-853
-866
-879
-891
-903
-915
-926
-936
-946
-955
-964
-973
-981
-988
-995
-1002
-1008
-1013
-1018
-1023
-1026
-1030
-1033
-1035
-1037
-1038
-1039
-1039
-1039
-1038
-1037
-1036
-1033
-1031
-1027
-1024
-1019
-1015
-1010
-1004
-998
-991
-984
-977
-969
-960
-951
-942
-932
-922
-912
-901
-889
-877
-865
-853
-840
-826
-812
-798
-784
-769
-754
-739
-723
-707
-691
-674
-657
-640
-622
-605
-587
-569
-550
-532
-513
-494
-474
-455
-436
-416
-396
-376
-356
-336
-315
-295
-274
-254
-233
-212
-192
-171
-150
-129
-108
-88
-67
-46
-25
-5
15
35
56
76
97
117
137
157
177
196
216
235
254
273
292
311
329
347
365
383
400
418
435
451
468
484
500
515
531
546
560
575
589
602
616
629
642
654
666
678
689
700
710
720
730
739
748
757
765
773
780
787
794
800
806
811
816
821
825
828
832
835
837
839
841
842
843
843
843
843
842
840
839
837
834
831
828
824
820
816
811
806
800
794
788
781
774
766
759
750
742
733
724
714
705
694
684
673
662
651
639
627
615
603
590
577
564
551
537
523
509
495
480
465
450
435
420
405
389
374
358
342
326
310
293
277
260
244
227
211
194
177
160
143
126
110
93
76
59
42
25
8
-7
-24
-41
-57
-74
-90
-106
-123
-139
-155
-171
-186
-202
-217
-233
-248
-263
-278
-292
-307
-321
-335
-349
-362
-376
-389
-402
-415
-427
-439
-451
-463
-475
-486
-497
-507
-518
-528
-538
-547
-556
-565
-574
-582
-590
-598
-605
-612
-619
-625
-632
-637
-643
-648
-653
-657
-661
-665
-668
-671
-674
-676
-679
-680
-682
-683
-683
-684
-684
-684
-683
-682
-681
-679
-677
-675
-672
-669
-666
-662
-659
-654
-650
-645
-640
-635
-629
-623
-617
-610
-603
-596
-589
-581
-573
-565
-557
-548
-539
-530
-520
-511
-501
-491
-481
-470
-460
-449
-438
-426
-415
-403
-392
-380
-368
-355
-343
-331
-318
-305
-292
-280
-266
-253
-240
-227
-213
-200
-187
-173
-159
-146
-132
-118
-105
-91
-77
-64
-50
-36
-22
-9
4
17
31
44
58
71
84
98
111
124
137
149
162
175
187
199
212
224
236
247
259
270
282
293
304
314
325
335
345
355
365
375
384
393
402
411
419
428
436
443
451
458
465
472
479
485
491
497
502
507
512
517
522
526
530
533
537
540
543
545
548
550
551
553
554
555
555
556
556
556
555
554
553
552
551
549
547
545
542
539
536
533
529
525
521
517
512
507
502
497
492
486
480
474
467
461
454
447
440
432
425
417
409
401
393
384
375
367
358
349
339
330
321
311
301
291
281
271
261
251
240
230
219
209
198
187
176
165
154
144
132
121
110
99
88
77
66
55
44
33
21
10
0
-11
-22
-33
-43
-54
-65
-76
-86
-97
-107
-118
-128
-138
-148
-158
-168
-178
-188
-197
-207
-216
-225
-234
-243
-252
-260
-269
-277
-285
-293
-301
-308
-316
-323
-330
-337
-344
-350
-357
-363
-369
-374
-380
-385
-390
-395
-400
-405
-409
-413
-417
-420
-424
-427
-430
-433
-435
-438
-440
-442
-443
-445
-446
-447
-448
-448
-449
-449
-449
-448
-448
-447
-446
-445
-443
-442
-440
-438
-435
-433
-430
-427
-424
-421
-418
-414
-410
-406
-402
-397
-393
-388
-383
-378
-373
-367
-361
-356
-350
-344
-337
-331
-324
-318
-311
-304
-297
-290
-282
-275
-267
-260
-252
-244
-236
-228
-220
-212
-203
-195
-186
-178
-169
-161
-152
-143
-134
-126
-117
-108
-99
-90
-81
-72
-63
-54
-45
-36
-27
-18
-9
0
7
16
25
34
43
51
60
69
77
85
94
102
110
119
127
135
143
150
158
166
173
181
188
195
202
209
216
223
229
236
242
248
254
260
266
271
277
282
287
292
297
301
306
310
314
318
322
326
329
333
336
339
341
344
346
349
351
353
354
356
357
358
359
360
361
361
362
362
362
361
361
360
360
359
358
356
355
353
351
349
347
345
343
340
337
334
331
328
324
321
317
313
309
305
301
297
292
288
283
278
273
268
263
257
252
246
240
235
229
223
217
211
204
198
192
185
179
172
165
159
152
145
138
131
124
117
110
103
96
89
82
75
67
60
53
46
39
31
24
17
10
3
-3
-10
-18
-25
-32
-39
-45
-52
-59
-66
-73
-79
-86
-93
-99
-105
-112
-118
-124
-130
-136
-142
-148
-154
-160
-165
-171
-176
-181
-186
-191
-196
-201
-206
-211
-215
-219
-224
-228
-232
-236
-239
-243
-246
-250
-253
-256
-259
-262
-264
-267
-269
-271
-274
-275
-277
-279
-281
-282
-283
-284
-285
-286
-287
-287
-288
-288
-288
-288
-288
-287
-287
-286
-286
-285
-284
-283
-281
-280
-278
-277
-275
-273
-271
-269
-266
-264
-261
-258
-256
-253
-250
-247
-243
-240
-236
-233
-229
-225
-221
-217
-213
-209
-205
-201
-196
-192
-187
-182
-178
-173
-168
-163
-158
-153
-148
-142
-137
-132
-127
-121
-116
-110
-105
-99
-94
-88
-82
-77
-71
-65
-60
-54
-48
-42
-37
-31
-25
-20
-14
-8
-2
2
8
13
19
25
30
36
41
47
52
57
63
68
73
78
83
88
93
98
103
108
113
117
122
127
131
135
140
144
148
152
156
160
163
167
171
174
177
181
184
187
190
193
195
198
201
203
205
208
210
212
214
216
217
219
220
222
223
224
225
226
227
227
228
228
228
229
229
229
229
228
228
228
227
226
225
225
224
222
221
220
218
217
215
214
212
210
208
206
203
201
199
196
194
191
188
185
182
179
176
173
170
167
163
160
156
153
149
146
142
138
134
130
126
122
118
114
110
106
102
97
93
89
84
80
76
71
67
62
58
53
49
44
40
35
31
26
22
17
13
8
4
0
-4
-9
-13
-17
-22
-26
-30
-35
-39
-43
-47
-52
-56
-60
-64
-68
-72
-76
-79
-83
-87
-90
-94
-98
-101
-105
-108
-111
-114
-118
-121
-124
-127
-130
-132
-135
-138
-140
-143
-145
-148
-150
-152
-154
-156
-158
-160
-162
-163
-165
-166
-168
-169
-170
-171
-172
-173
-174
-175
-176
-176
-177
-177
-178
-178
-178
-178
-178
-178
-178
-178
-177
-177
-176
-176
-175
-174
-173
-172
-171
-170
-169
-168
-166
-165
-163
-162
-160
-158
-157
-155
-153
-151
-149
-147
-144
-142
-140
-137
-135
-132
-130
-127
-124
-122
-119
-116
-113
-110
-107
-104
-101
-98
-95
-92
-89
-86
-82
-79
-76
-72
-69
-66
-62
-59
-55
-52
-48
-45
-41
-38
-34
-31
-27
-24
-20
-17
-13
-10
-6
-3
0
3
7
10
14
17
20
24
27
30
34
37
40
43
47
50
53
56
59
62
65
68
70
73
76
79
81
84
87
89
92
94
96
99
101
103
105
107
109
111
113
115
117
118
120
121
123
124
126
127
128
129
130
131
132
133
134
135
136
136
137
137
138
138
138
138
139
139
139
139
138
138
138
138
137
137
136
136
135
134
133
132
132
131
129
128
127
126
125
123
122
121
119
117
116
114
113
111
109
107
105
103
101
99
97
95
93
91
89
86
84
82
79
77
75
72
70
67
65
62
60
57
54
52
49
47
44
41
39
36
33
30
28
25
22
20
17
14
11
9
6
3
1
-1
-4
-6
-9
-11
-14
-17
-19
-22
-24
-27
-29
-32
-34
-37
-39
-41
-44
-46
-48
-50
-53
-55
-57
-59
-61
-63
-65
-67
-69
-71
-72
-74
-76
-77
-79
-81
-82
-84
-85
-87
-88
-89
-90
-92
-93
-94
-95
-96
-97
-98
-99
-99
-100
-101
-101
-102
-102
-103
-103
-104
-104
-104
-104
-105
-105
-105
-105
-105
-105
-104
-104
-104
-104
-103
-103
-102
-102
-101
-101
-100
-99
-99
-98
-97
-96
-95
-94
-93
-92
-91
-90
-89
-87
-86
-85
-84
-82
-81
-79
-78
-76
-75
-73
-72
-70
-68
-67
-65
-63
-61
-60
-58
-56
-54
-52
-50
-48
-47
-45
-43
-41
-39
-37
-35
-33
-31
-29
-27
-25
-23
-20
-18
-16
-14
-12
-10
-8
-6
-4
-2
0
1
3
5
7
9
11
13
15
17
19
21
22
24
26
28
30
32
33
35
37
38
40
42
43
45
46
48
49
51
52
54
55
56
58
59
60
61
62
64
65
66
67
68
69
69
70
71
72
73
73
74
75
75
76
76
77
77
78
78
78
79
79
79
79
79
79
79
79
79
79
79
79
79
79
78
78
78
77
77
76
76
75
75
74
74
73
72
71
71
70
69
68
67
66
65
64
63
62
61
60
59
58
57
56
55
53
52
51
50
48
47
46
44
43
41
40
39
37
36
34
33
31
30
28
27
25
24
22
21
19
18
16
15
13
12
10
9
7
6
4
3
1
0
-1
-2
-4
-5
-7
-8
-10
-11
-13
-14
-15
-17
-18
-19
-21
-22
-23
-25
-26
-27
-28
-30
-31
-32
-33
-34
-35
-36
-37
-38
-39
-40
-41
-42
-43
-44
-45
-46
-47
-47
-48
-49
-50
-50
-51
-51
-52
-53
-53
-54
-54
-54
-55
-55
-56
-56
-56
-56
-57
-57
-57
-57
-57
-57
-57
-57
-57
-57
-57
-57
-57
-57
-57
-57
-56
-56
-56
-56
-55
-55
-54
-54
-54
-53
-53
-52
-52
-51
-50
-50
-49
-49
-48
-47
-46
-46
-45
-44
-43
-43
-42
-41
-40
-39
-38
-37
-36
-35
-35
-34
-33
-32
-31
-30
-29
-28
-26
-25
-24
-23
-22
-21
-20
-19
-18
-17
-16
-15
-13
-12
-11
-10
-9
-8
-7
-6
-4
-3
-2
-1
0
0
1
2
3
4
5
7
8
9
10
11
12
13
14
15
16
17
18
18
19
20
21
22
23
24
25
25
26
27
28
28
29
30
31
31
32
33
33
34
34
35
35
36
36
37
37
38
38
39
39
39
40
40
40
41
41
41
41
41
42
42
42
42
42
42
42
42
42
42
42
42
42
42
42
42
41
41
41
41
41
40
40
40
39
39
39
38
38
37
37
37
36
36
35
35
34
34
33
33
32
31
31
30
30
29
28
28
27
26
26
25
24
23
23
22
21
21
20
19
18
18
17
16
15
14
14
13
12
11
10
10
9
8
7
6
6
5
4
3
2
2
1
0
0
0
-1
-2
-3
-3
-4
-5
-6
-6
-7
-8
-9
-9
-10
-11
-11
-12
-13
-13
-14
-14
-15
-16
-16
-17
-17
-18
-19
-19
-20
-20
-21
-21
-21
-22
-22
-23
-23
-24
-24
-24
-25
-25
-25
-26
-26
-26
-27
-27
-27
-27
-27
-28
-28
-28
-28
-28
-28
-28
-28
-29
-29
-29
-29
-29
-29
-29
-29
-29
-29
-28
-28
-28
-28
-28
-28
-28
-27
-27
-27
-27
-27
-26
-26
-26
-26
-25
-25
-25
-24
-24
-24
-23
-23
-23
-22
-22
-21
-21
-21
-20
-20
-19
-19
-18
-18
-17
-17
-16
-16
-15
-15
-14
-14
-13
-13
-12
-12
-11
-11
-10
-10
-9
-9
-8
-7
-7
-6
-6
-5
-5
-4
-4
-3
-2
-2
-1
-1
0
0
0
0
1
1
2
2
3
3
4
5
5
6
6
6
7
7
8
8
9
9
10
10
11
11
11
12
12
13
13
13
14
14
14
15
15
15
16
16
16
17
17
17
17
18
18
18
18
18
19
19
19
19
19
19
20
20
20
20
20
20
20
20
20
20
20
20
20
20
20
20
20
20
20
20
20
20
20
20
20
19
19
19
19
19
19
19
18
18
18
18
18
17
17
17
17
16
16
16
16
15
15
15
14
14
14
14
13
13
13
12
12
12
11
11
11
10
10
9
9
9
8
8
8
7
7
7
6
6
5
5
5
4
4
4
3
3
2
2
2
1
1
1
0
0
0
0
0
-1
-1
-1
-2
-2
-2
-3
-3
-3
-4
-4
-4
-5
-5
-5
-5
-6
-6
-6
-7
-7
-7
-7
-8
-8
-8
-8
-9
-9
-9
-9
-9
-10
-10
-10
-10
-10
-10
-11
-11
-11
-11
-11
-11
-11
-12
-12
-12
-12
-12
-12
-12
-12
-12
-12
-12
-12
-12
-12
-12
-12
-12
-12
-12
-12
-12
-12
-12
-12
-12
-12
-12
-12
-12
-12
-12
-12
-11
-11
-11
-11
-11
-11
-11
-11
-11
-10
-10
-10
-10
-10
-10
-9
-9
-9
-9
-9
-8
-8
-8
-8
-8
-7
-7
-7
-7
-7
-6
-6
-6
-6
-5
-5
-5
-5
-4
-4
-4
-4
-4
-3
-3
-3
-3
-2
-2
-2
-2
-1
-1
-1
-1
0
0
0
0
0
0
0
0
1
1
1
1
1
2
2
2
2
2
3
3
3
3
4
4
4
4
4
4
5
5
5
5
5
5
6
6
6
6
6
6
6
7
7
7
7
7
7
7
7
7
8
8
8
8
8
8
8
8
8
8
8
8
8
8
8
8
8
8
8
8
8
8
8
8
8
8
8
8
8
8
8
8
8
8
8
8
8
8
8
8
8
8
7
7
7
7
7
7
7
7
7
7
6
6
6
6
6
6
6
6
6
5
5
5
5
5
5
5
4
4
4
4
4
4
4
3
3
3
3
3
3
3
2
2
2
2
2
2
1
1
1
1
1
1
1
0
0
0
0
0
0
0
0
0
0
0
0
0
0
0
-1
-1
-1
-1
-1
-1
-1
-1
-2
-2
-2
-2
-2
-2
-2
-2
-2
-2
-3
-3
-3
-3
-3
-3
-3
-3
-3
-3
-3
-3
-3
-3
-4
-4
-4
-4
-4
-4
-4
-4
-4
-4
-4
-4
-4
-4
-4
-4
-4
-4
-4
-4
-4
-4
-4
-4
-4
-4
-4
-4
-4
-4
-4
-4
-4
-4
-4
-4
-4
-4
-4
-4
-4
-3
-3
-3
-3
-3
-3
-3
-3
-3
-3
-3
-3
-3
-3
-3
-3
-2
-2
-2
-2
-2
-2
-2
-2
-2
-2
-2
-2
-2
-1
-1
-1
-1
-1
-1
-1
-1
-1
-1
-1
0
0
0
0
0
0
0
0
0
0
0
0
0
0
0
0
0
0
0
0
0
0
0
0
1
1
1
1
1
1
1
1
1
1
1
1
1
1
1
2
2
2
2
2
2
2
2
2
2
2
2
2
2
2
2
2
2
2
2
2
2
3
3
3
3
3
3
3
3
3
3
3
3
3
3
3
3
3
3
3
3
3
3
3
3
3
3
3
3
3
3
3
3
3
3
3
3
3
3
3
2
2
2
2
2
2
2
2
2
2
2
2
2
2
2
2
2
2
2
2
2
2
2
2
2
2
2
1
1
1
1
1
1
1
1
1
1
1
1
1
1
1
1
1
1
1
1
1
1
0
0
0
0
0
0
0
0
0
0
0
0
0
0
0
0
0
0
0
0
0
0
0
0
0
0
0
0
0
0
0
0
0
0
0
0
0
0
0
0
0
0
0
0
0
0
0
0
0
0
0
0
0
0
0
0
0
0
0
0
0
0
0
0
0
0
0
0
0
0
0
0
0
0
0
0
0
0
0
0
0
0
0
0
0
0
0
0
0
0
0
0
0
0
0
0
0
0
0
0
0
0
0
0
0
0
0
0
0
0
0
0
0
0
0
0
0
0
0
0
0
0
0
0
0
0
0
0
0
0
0
0
0
0
0
0
0
0
0
0
0
0
0
0
0
0
0
0
0
0
0
0
0
0
0
0
0
0
0
0
0
0
0
0
0
0
0
0
0
0
0
0
0
0
0
0
0
0
0
0
0
0
0
0
0
0
0
0
0
0
0
0
0
0
0
0
0
1
1
1
1
1
1
1
1
1
1
1
1
1
1
1
1
1
1
1
1
1
1
1
1
0
0
0
0
0
0
0
0
0
0
0
0
0
0
0
0
0
0
0
0
0
0
0
0
0
0
0
0
0
0
0
0
0
0
0
0
0
0
0
0
0
0
0
0
0
0