32767
32764
32756
32743
32724
32700
32671
32636
32596
32551
32500
32445
32383
32317
32246
32169
32087
32000
31908
31811
31708
31601
31489
31371
31249
31122
30990
30853
30711
30565
30414
30258
30098
29933
29764
29590
29411
29229
29042
28851
28655
28456
28252
28044
27833
27617
27398
27175
26948
26717
26483
26246
26005
25760
25512
25261
25007
24750
24490
24226
23960
23691
23420
23146
22869
22590
22308
22024
21738
21449
21159
20866
20572
20275
19977
19678
19376
19073
18769
18463
18157
17849
17539
17229
16918
16606
16294
15980
15666
15352
15037
14722
14407
14091
13775
13460
13144
12829
12514
12199
11885
11571
11257
10945
10633
10322
10012
9702
9394
9087
8781
8477
8174
7872
7572
7273
6976
6681
6387
6096
5806
5518
5233
4949
4668
4389
4112
3838
3566
3297
3030
2766
2505
2246
1990
1738
1487
1240
996
755
517
283
51
-176
-401
-623
-841
-1056
-1268
-1476
-1680
-1881
-2078
-2272
-2462
-2648
-2831
-3010
-3185
-3356
-3524
-3688
-3848
-4004
-4156
-4304
-4449
-4589
-4726
-4858
-4987
-5111
-5232
-5349
-5462
-5571
-5675
-5776
-5873
-5966
-6055
-6140
-6222
-6299
-6372
-6441
-6507
-6569
-6626
-6680
-6730
-6777
-6819
-6858
-6893
-6924
-6951
-6975
-6995
-7012
-7025
-7035
-7040
-7043
-7042
-7038
-7030
-7019
-7004
-6986
-6965
-6941
-6914
-6884
-6850
-6814
-6774
-6732
-6686
-6638
-6587
-6534
-6478
-6419
-6357
-6293
-6226
-6157
-6086
-6012
-5936
-5858
-5778
-5695
-5611
-5524
-5436
-5345
-5253
-5159
-5064
-4966
-4868
-4767
-4665
-4562
-4457
-4351
-4244
-4136
-4026
-3916
-3804
-3692
-3578
-3464
-3349
-3233
-3117
-3000
-2882
-2764
-2646
-2527
-2408
-2289
-2169
-2050
-1930
-1811
-1691
-1571
-1452
-1333
-1214
-1095
-977
-859
-741
-624
-508
-392
-277
-163
-49
63
175
286
396
505
613
720
826
931
1034
1137
1238
1337
1436
1533
1628
1722
1815
1906
1996
2084
2170
2255
2338
2419
2498
2576
2652
2727
2799
2870
2938
3005
3070
3133
3194
3253
3310
3365
3418
3469
3518
3566
3611
3653
3694
3733
3770
3805
3837
3868
3896
3923
3947
3969
3989
4007
4023
4037
4049
4059
4067
4073
4076
4078
4078
4076
4071
4065
4057
4047
4035
4021
4005
3988
3968
3947
3924
3899
3872
3844
3814
3782
3749
3714
3677
3639
3599
3558
3515
3470
3425
3378
3329
3279
3228
3175
3122
3067
3011
2953
2895
2835
2775
2713
2651
2587
2523
2457
2391
2324
2256
2188
2119
2049
1978
1907
1836
1764
1691
1618
1545
1471
1397
1322
1248
1173
1098
1023
947
872
797
721
646
571
496
421
346
271
197
123
49
-23
-96
-169
-241
-313
-384
-455
-525
-594
-663
-731
-798
-865
-931
-996
-1060
-1124
-1186
-1248
-1309
-1369
-1428
-1486
-1542
-1598
-1653
-1707
-1760
-1811
-1862
-1911
-1959
-2006
-2051
-2096
-2139
-2181
-2222
-2261
-2299
-2336
-2372
-2406
-2439
-2470
-2500
-2529
-2557
-2583
-2607
-2631
-2652
-2673
-2692
-2710
-2726
-2741
-2754
-2766
-2777
-2786
-2794
-2800
-2805
-2809
-2811
-2812
-2812
-2810
-2807
-2802
-2796
-2789
-2780
-2770
-2759
-2746
-2732
-2717
-2701
-2683
-2664
-2644
-2623
-2601
-2577
-2552
-2526
-2499
-2471
-2442
-2412
-2380
-2348
-2315
-2280
-2245
-2209
-2171
-2133
-2094
-2055
-2014
-1972
-1930
-1887
-1843
-1799
-1754
-1708
-1662
-1614
-1567
-1519
-1470
-1421
-1371
-1321
-1270
-1219
-1167
-1116
-1064
-1011
-958
-905
-852
-799
-745
-692
-638
-584
-530
-476
-422
-368
-314
-260
-207
-153
-100
-46
6
59
111
164
216
268
319
370
421
471
521
571
619
668
716
763
810
856
902
947
991
1035
1078
1120
1162
1202
1243
1282
1320
1358
1395
1431
1467
1501
1535
1567
1599
1630
1660
1689
1717
1744
1770
1795
1820
1843
1865
1886
1907
1926
1944
1961
1978
1993
2007
2020
2032
2043
2053
2062
2070
2077
2083
2087
2091
2094
2095
2096
2096
2094
2092
2088
2084
2079
2072
2065
2056
2047
2037
2025
2013
2000
1986
1971
1955
1938
1920
1901
1882
1862
1841
1819
1796
1772
1748
1723
1697
1670
1643
1615
1586
1557
1527
1496
1465
1433
1401
1368
1334
1300
1265
1230
1195
1159
1122
1085
1048
1010
972
934
895
856
817
777
738
698
658
617
577
536
495
454
414
373
332
291
250
208
168
127
86
45
5
-35
-75
-115
-155
-195
-234
-274
-313
-351
-390
-428
-465
-503
-539
-576
-612
-648
-683
-718
-752
-786
-819
-852
-885
-916
-947
-978
-1008
-1038
-1066
-1095
-1122
-1149
-1175
-1201
-1226
-1250
-1274
-1297
-1319
-1340
-1361
-1381
-1400
-1418
-1436
-1453
-1469
-1485
-1499
-1513
-1526
-1538
-1550
-1560
-1570
-1579
-1588
-1595
-1602
-1608
-1613
-1617
-1620
-1623
-1625
-1626
-1626
-1625
-1624
-1622
-1619
-1615
-1611
-1605
-1599
-1593
-1585
-1577
-1568
-1558
-1547
-1536
-1524
-1511
-1498
-1484
-1469
-1454
-1438
-1421
-1404
-1386
-1367
-1348
-1328
-1308
-1287
-1265
-1243
-1221
-1198
-1174
-1150
-1125
-1100
-1075
-1049
-1022
-995
-968
-941
-913
-884
-856
-827
-797
-768
-738
-708
-677
-647
-616
-585
-554
-522
-491
-459
-427
-395
-363
-331
-299
-267
-235
-202
-170
-138
-106
-74
-42
-10
21
53
85
116
147
179
209
240
271
301
331
361
391
420
449
477
506
534
561
589
615
642
668
694
719
744
768
792
816
839
861
883
905
926
946
966
986
1005
1023
1041
1058
1075
1091
1106
1121
1135
1149
1162
1175
1187
1198
1208
1218
1228
1237
1245
1252
1259
1265
1271
1276
1280
1284
1287
1289
1291
1292
1293
1292
1292
1290
1288
1285
1282
1278
1274
1269
1263
1257
1250
1242
1234
1225
1216
1206
1196
1185
1173
1161
1149
1136
1122
1108
1094
1078
1063
1047
1030
1013
996
978
960
941
922
903
883
863
842
821
800
778
757
734
712
689
666
643
619
596
572
547
523
498
474
449
424
399
373
348
322
297
271
246
220
194
168
143
117
91
65
40
14
-10
-36
-61
-86
-111
-136
-161
-186
-211
-235
-259
-283
-307
-330
-354
-377
-399
-422
-444
-466
-488
-509
-530
-551
-571
-591
-611
-631
-650
-668
-686
-704
-722
-739
-755
-771
-787
-803
-817
-832
-846
-859
-873
-885
-897
-909
-920
-931
-941
-951
-960
-969
-977
-985
-992
-999
-1005
-1011
-1016
-1020
-1025
-1028
-1031
-1034
-1036
-1038
-1039
-1039
-1039
-1039
-1038
-1036
-1034
-1032
-1029
-1026
-1022
-1017
-1012
-1007
-1001
-995
-988
-980
-973
-965
-956
-947
-937
-927
-917
-906
-895
-883
-871
-859
-846
-833
-819
-805
-791
-777
-762
-746
-731
-715
-699
-682
-665
-648
-631
-614
-596
-578
-559
-541
-522
-503
-484
-465
-445
-426
-406
-386
-366
-346
-325
-305
-285
-264
-243
-223
-202
-181
-161
-140
-119
-98
-77
-57
-36
-15
5
25
46
66
86
107
127
147
167
186
206
225
245
264
283
301
320
338
356
374
392
409
426
443
460
476
492
508
523
538
553
568
582
596
609
622
635
648
660
672
683
694
705
715
725
735
744
753
761
769
777
784
791
797
803
809
814
818
823
827
830
833
836
838
840
841
842
843
843
843
842
841
840
838
835
833
830
826
822
818
813
808
803
797
791
784
777
770
763
755
746
738
729
719
710
700
689
679
668
657
645
633
621
609
596
584
571
557
544
530
516
502
487
473
458
443
428
413
397
381
366
350
334
318
301
285
269
252
236
219
202
185
169
152
135
118
101
84
67
50
34
17
0
-16
-32
-49
-66
-82
-98
-115
-131
-147
-163
-179
-194
-210
-225
-240
-255
-270
-285
-299
-314
-328
-342
-356
-369
-382
-396
-408
-421
-433
-445
-457
-469
-480
-491
-502
-513
-523
-533
-542
-552
-561
-570
-578
-586
-594
-602
-609
-616
-622
-629
-634
-640
-645
-650
-655
-659
-663
-667
-670
-673
-675
-678
-679
-681
-682
-683
-684
-684
-684
-683
-682
-681
-680
-678
-676
-674
-671
-668
-664
-661
-657
-652
-648
-643
-637
-632
-626
-620
-613
-607
-600
-593
-585
-577
-569
-561
-552
-544
-534
-525
-516
-506
-496
-486
-475
-465
-454
-443
-432
-421
-409
-398
-386
-374
-362
-349
-337
-324
-312
-299
-286
-273
-260
-247
-234
-220
-207
-193
-180
-166
-153
-139
-125
-112
-98
-84
-70
-57
-43
-29
-16
-2
11
24
38
51
64
78
91
104
117
130
143
156
168
181
193
205
218
230
241
253
265
276
287
298
309
320
330
340
350
360
370
380
389
398
407
415
424
432
440
447
455
462
469
475
482
488
494
499
505
510
515
519
524
528
532
535
538
541
544
546
549
550
552
553
554
555
556
556
556
555
555
554
553
551
550
548
546
543
541
538
534
531
527
523
519
514
510
505
500
494
489
483
477
471
464
457
450
443
436
429
421
413
405
397
388
380
371
362
353
344
335
325
316
306
296
286
276
266
256
245
235
225
214
203
193
182
171
160
149
138
127
116
105
94
83
71
60
49
38
27
16
5
-5
-16
-27
-38
-49
-60
-70
-81
-92
-102
-113
-123
-133
-143
-153
-163
-173
-183
-192
-202
-211
-221
-230
-239
-247
-256
-265
-273
-281
-289
-297
-305
-312
-319
-327
-334
-340
-347
-353
-360
-366
-372
-377
-383
-388
-393
-398
-402
-407
-411
-415
-419
-422
-425
-429
-431
-434
-436
-439
-441
-442
-444
-445
-446
-447
-448
-448
-449
-449
-448
-448
-447
-446
-445
-444
-442
-441
-439
-437
-434
-432
-429
-426
-423
-419
-416
-412
-408
-404
-400
-395
-390
-385
-380
-375
-370
-364
-359
-353
-347
-340
-334
-328
-321
-314
-307
-300
-293
-286
-279
-271
-263
-256
-248
-240
-232
-224
-216
-207
-199
-191
-182
-174
-165
-156
-148
-139
-130
-121
-112
-103
-95
-86
-77
-68
-59
-50
-41
-32
-23
-14
-5
3
12
21
29
38
47
56
64
73
81
90
98
106
115
123
131
139
146
154
162
169
177
184
192
199
206
212
219
226
232
239
245
251
257
263
268
274
279
284
289
294
299
304
308
312
316
320
324
328
331
334
337
340
343
345
348
350
352
354
355
357
358
359
360
361
361
362
362
362
362
361
361
360
359
358
357
356
354
352
350
348
346
344
341
339
336
333
330
326
323
319
315
311
307
303
299
294
290
285
280
275
270
265
260
254
249
243
238
232
226
220
214
208
201
195
188
182
175
169
162
155
149
142
135
128
121
114
107
100
93
85
78
71
64
57
49
42
35
28
21
14
6
0
-7
-14
-21
-28
-35
-42
-49
-56
-63
-69
-76
-83
-89
-96
-102
-109
-115
-121
-127
-133
-139
-145
-151
-157
-162
-168
-173
-179
-184
-189
-194
-199
-204
-208
-213
-217
-221
-226
-230
-234
-237
-241
-245
-248
-251
-254
-257
-260
-263
-266
-268
-270
-273
-275
-276
-278
-280
-281
-283
-284
-285
-286
-286
-287
-287
-288
-288
-288
-288
-288
-287
-287
-286
-285
-284
-283
-282
-281
-279
-277
-276
-274
-272
-270
-267
-265
-262
-260
-257
-254
-251
-248
-245
-242
-238
-235
-231
-227
-223
-219
-215
-211
-207
-203
-198
-194
-189
-185
-180
-175
-170
-165
-160
-155
-150
-145
-140
-135
-129
-124
-118
-113
-108
-102
-96
-91
-85
-80
-74
-68
-63
-57
-51
-45
-40
-34
-28
-22
-17
-11
-5
0
5
11
16
22
27
33
38
44
49
55
60
65
71
76
81
86
91
96
101
106
110
115
120
124
129
133
137
142
146
150
154
158
161
165
169
172
176
179
182
185
188
191
194
197
199
202
204
207
209
211
213
215
216
218
219
221
222
223
224
225
226
227
227
228
228
229
229
229
229
228
228
228
227
227
226
225
224
223
222
221
219
218
216
214
213
211
209
207
205
202
200
197
195
192
190
187
184
181
178
175
172
168
165
162
158
155
151
147
144
140
136
132
128
124
120
116
112
108
104
99
95
91
87
82
78
73
69
64
60
56
51
47
42
38
33
28
24
19
15
10
6
1
-2
-6
-11
-15
-20
-24
-28
-33
-37
-41
-45
-49
-54
-58
-62
-66
-70
-74
-77
-81
-85
-89
-92
-96
-99
-103
-106
-110
-113
-116
-119
-122
-125
-128
-131
-134
-136
-139
-142
-144
-146
-149
-151
-153
-155
-157
-159
-161
-162
-164
-166
-167
-168
-170
-171
-172
-173
-174
-175
-175
-176
-177
-177
-178
-178
-178
-178
-178
-178
-178
-178
-177
-177
-177
-176
-175
-175
-174
-173
-172
-171
-170
-168
-167
-166
-164
-163
-161
-159
-158
-156
-154
-152
-150
-148
-145
-143
-141
-139
-136
-134
-131
-128
-126
-123
-120
-118
-115
-112
-109
-106
-103
-100
-97
-94
-90
-87
-84
-81
-77
-74
-71
-67
-64
-60
-57
-54
-50
-47
-43
-40
-36
-33
-29
-25
-22
-18
-15
-11
-8
-4
-1
2
5
8
12
15
19
22
25
29
32
35
39
42
45
48
51
54
57
60
63
66
69
72
75
77
80
83
85
88
90
93
95
97
100
102
104
106
108
110
112
114
116
117
119
121
122
124
125
126
128
129
130
131
132
133
134
135
135
136
136
137
137
138
138
138
138
139
139
139
138
138
138
138
137
137
136
136
135
134
134
133
132
131
130
129
128
127
125
124
123
121
120
118
117
115
113
112
110
108
106
104
102
100
98
96
94
92
90
87
85
83
81
78
76
73
71
68
66
63
61
58
56
53
50
48
45
43
40
37
34
32
29
26
24
21
18
16
13
10
7
5
2
0
-2
-5
-8
-10
-13
-15
-18
-20
-23
-26
-28
-30
-33
-35
-38
-40
-42
-45
-47
-49
-51
-54
-56
-58
-60
-62
-64
-66
-68
-70
-71
-73
-75
-77
-78
-80
-81
-83
-84
-86
-87
-89
-90
-91
-92
-93
-94
-95
-96
-97
-98
-99
-100
-100
-101
-102
-102
-103
-103
-103
-104
-104
-104
-105
-105
-105
-105
-105
-105
-104
-104
-104
-104
-103
-103
-103
-102
-102
-101
-100
-100
-99
-98
-97
-97
-96
-95
-94
-93
-92
-90
-89
-88
-87
-86
-84
-83
-81
-80
-79
-77
-76
-74
-72
-71
-69
-67
-66
-64
-62
-61
-59
-57
-55
-53
-51
-49
-48
-46
-44
-42
-40
-38
-36
-34
-32
-30
-28
-26
-24
-21
-19
-17
-15
-13
-11
-9
-7
-5
-3
-1
0
2
4
6
8
10
12
14
16
18
20
22
23
25
27
29
31
32
34
36
38
39
41
42
44
46
47
49
50
52
53
54
56
57
58
59
61
62
63
64
65
66
67
68
69
70
71
72
72
73
74
74
75
76
76
77
77
77
78
78
78
79
79
79
79
79
79
79
79
79
79
79
79
79
78
78
78
77
77
77
76
76
75
74
74
73
72
72
71
70
69
69
68
67
66
65
64
63
62
61
60
59
57
56
55
54
53
51
50
49
48
46
45
44
42
41
39
38
37
35
34
32
31
29
28
26
25
23
22
20
19
17
16
14
12
11
9
8
6
5
3
2
0
0
-2
-3
-5
-6
-8
-9
-10
-12
-13
-15
-16
-17
-19
-20
-21
-23
-24
-25
-27
-28
-29
-30
-31
-33
-34
-35
-36
-37
-38
-39
-40
-41
-42
-43
-44
-45
-45
-46
-47
-48
-49
-49
-50
-51
-51
-52
-52
-53
-53
-54
-54
-55
-55
-55
-56
-56
-56
-57
-57
-57
-57
-57
-57
-57
-57
-57
-57
-57
-57
-57
-57
-57
-57
-57
-56
-56
-56
-55
-55
-55
-54
-54
-53
-53
-52
-52
-51
-51
-50
-50
-49
-48
-48
-47
-46
-45
-45
-44
-43
-42
-41
-40
-40
-39
-38
-37
-36
-35
-34
-33
-32
-31
-30
-29
-28
-27
-26
-25
-24
-23
-22
-21
-19
-18
-17
-16
-15
-14
-13
-12
-11
-9
-8
-7
-6
-5
-4
-3
-2
-1
0
1
2
3
4
5
6
7
8
9
10
11
12
13
14
15
16
17
18
19
20
21
22
22
23
24
25
26
27
27
28
29
30
30
31
32
32
33
33
34
35
35
36
36
37
37
38
38
38
39
39
40
40
40
40
41
41
41
41
42
42
42
42
42
42
42
42
42
42
42
42
42
42
42
42
41
41
41
41
41
40
40
40
40
39
39
38
38
38
37
37
36
36
35
35
34
34
33
33
32
32
31
30
30
29
29
28
27
27
26
25
25
24
23
22
22
21
20
19
19
18
17
16
16
15
14
13
12
12
11
10
9
8
8
7
6
5
4
4
3
2
1
1
0
0
-1
-2
-2
-3
-4
-5
-5
-6
-7
-7
-8
-9
-10
-10
-11
-12
-12
-13
-14
-14
-15
-15
-16
-17
-17
-18
-18
-19
-19
-20
-20
-21
-21
-22
-22
-23
-23
-23
-24
-24
-25
-25
-25
-26
-26
-26
-26
-27
-27
-27
-27
-28
-28
-28
-28
-28
-28
-28
-28
-29
-29
-29
-29
-29
-29
-29
-29
-29
-29
-28
-28
-28
-28
-28
-28
-28
-28
-27
-27
-27
-27
-27
-26
-26
-26
-25
-25
-25
-25
-24
-24
-24
-23
-23
-22
-22
-22
-21
-21
-20
-20
-20
-19
-19
-18
-18
-17
-17
-16
-16
-15
-15
-14
-14
-13
-13
-12
-12
-11
-11
-10
-9
-9
-8
-8
-7
-7
-6
-6
-5
-4
-4
-3
-3
-2
-2
-1
-1
0
0
0
1
1
2
2
3
3
4
4
5
5
6
6
7
7
8
8
9
9
10
10
10
11
11
12
12
12
13
13
14
14
14
15
15
15
16
16
16
16
17
17
17
17
18
18
18
18
19
19
19
19
19
19
20
20
20
20
20
20
20
20
20
20
20
20
20
20
20
20
20
20
20
20
20
20
20
20
20
19
19
19
19
19
19
19
18
18
18
18
18
17
17
17
17
16
16
16
16
15
15
15
15
14
14
14
13
13
13
12
12
12
11
11
11
10
10
10
9
9
9
8
8
7
7
7
6
6
6
5
5
4
4
4
3
3
3
2
2
2
1
1
0
0
0
0
0
0
-1
-1
-1
-2
-2
-2
-3
-3
-3
-4
-4
-4
-5
-5
-5
-6
-6
-6
-6
-7
-7
-7
-7
-8
-8
-8
-8
-9
-9
-9
-9
-10
-10
-10
-10
-10
-10
-11
-11
-11
-11
-11
-11
-11
-12
-12
-12
-12
-12
-12
-12
-12
-12
-12
-12
-12
-12
-12
-12
-12
-12
-12
-12
-12
-12
-12
-12
-12
-12
-12
-12
-12
-12
-12
-12
-12
-12
-11
-11
-11
-11
-11
-11
-11
-11
-10
-10
-10
-10
-10
-10
-9
-9
-9
-9
-9
-9
-8
-8
-8
-8
-8
-7
-7
-7
-7
-6
-6
-6
-6
-6
-5
-5
-5
-5
-4
-4
-4
-4
-3
-3
-3
-3
-2
-2
-2
-2
-1
-1
-1
-1
-1
0
0
0
0
0
0
0
0
1
1
1
1
2
2
2
2
2
3
3
3
3
3
4
4
4
4
4
5
5
5
5
5
5
6
6
6
6
6
6
6
7
7
7
7
7
7
7
7
7
8
8
8
8
8
8
8
8
8
8
8
8
8
8
8
8
8
8
8
8
8
8
8
8
8
8
8
8
8
8
8
8
8
8
8
8
8
8
8
8
8
8
8
7
7
7
7
7
7
7
7
7
7
6
6
6
6
6
6
6
6
5
5
5
5
5
5
5
5
4
4
4
4
4
4
4
3
3
3
3
3
3
2
2
2
2
2
2
2
1
1
1
1
1
1
1
0
0
0
0
0
0
0
0
0
0
0
0
0
0
-1
-1
-1
-1
-1
-1
-1
-1
-2
-2
-2
-2
-2
-2
-2
-2
-2
-2
-3
-3
-3
-3
-3
-3
-3
-3
-3
-3
-3
-3
-3
-3
-4
-4
-4
-4
-4
-4
-4
-4
-4
-4
-4
-4
-4
-4
-4
-4
-4
-4
-4
-4
-4
-4
-4
-4
-4
-4
-4
-4
-4
-4
-4
-4
-4
-4
-4
-4
-4
-4
-4
-4
-4
-3
-3
-3
-3
-3
-3
-3
-3
-3
-3
-3
-3
-3
-3
-3
-3
-3
-2
-2
-2
-2
-2
-2
-2
-2
-2
-2
-2
-2
-1
-1
-1
-1
-1
-1
-1
-1
-1
-1
-1
-1
0
0
0
0
0
0
0
0
0
0
0
0
0
0
0
0
0
0
0
0
0
0
0
0
1
1
1
1
1
1
1
1
1
1
1
1
1
1
2
2
2
2
2
2
2
2
2
2
2
2
2
2
2
2
2
2
2
2
2
2
3
3
3
3
3
3
3
3
3
3
3
3
3
3
3
3
3
3
3
3
3
3
3
3
3
3
3
3
3
3
3
3
3
3
3
3
3
3
3
2
2
2
2
2
2
2
2
2
2
2
2
2
2
2
2
2
2
2
2
2
2
2
2
2
2
2
2
1
1
1
1
1
1
1
1
1
1
1
1
1
1
1
1
1
1
1
1
1
0
0
0
0
0
0
0
0
0
0
0
0
0
0
0
0
0
0
0
0
0
0
0
0
0
0
0
0
0
0
0
0
0
0
0
0
0
0
0
0
0
0
0
0
0
0
0
0
0
0
0
0
0
0
0
0
0
0
0
0
0
0
0
0
0
0
0
0
0
0
0
0
0
0
0
0
0
0
0
0
0
0
0
0
0
0
0
0
0
0
0
0
0
0
0
0
0
0
0
0
0
0
0
0
0
0
0
0
0
0
0
0
0
0
0
0
0
0
0
0
0
0
0
0
0
0
0
0
0
0
0
0
0
0
0
0
0
0
0
0
0
0
0
0
0
0
0
0
0
0
0
0
0
0
0
0
0
0
0
0
0
0
0
0
0
0
0
0
0
0
0
0
0
0
0
0
0
0
0
0
0
0
0
0
0
0
0
0
0
0
0
0
0
0
0
0
0
1
1
1
1
1
1
1
1
1
1
1
1
1
1
1
1
1
1
1
1
1
1
1
1
1
0
0
0
0
0
0
0
0
0
0
0
0
0
0
0
0
0
0
0
0
0
0
0
0
0
0
0
0
0
0
0
0
0
0
0
0
0
0
0
0
0
0
0
0
0